100
2656 1037
5
cw 1 5 3 3 1
100
ef 16 19 16 7 19 15 8 10 6 18 15 12 16 20 9 4 16 2 9 3 2 10 4 2 7 15 8 20 9 11 5 1 17 6 2 16 8 12 18 5 6 14 15 20 14 9 16 6 6 6 6 2 17 8 1 3 14 16 18 7 10 7 16 19 17 15 11 8 20 1 5 8 3 15 4 20 10 20 3 20 10 16 19 3 12 16 15 1 6 7 15 18 4 7 2 7 8 7 7 3
cl 1 2 1 1 2 3 3 1 1 3 1 1 3 2 3 2 2 3 1 3 2 1 1 1 3 3 3 3 1 2 2 3 2 1 2 2 1 3 3 2 2 2 3 1 1 1 2 2 3 3 3 3 1 3 2 1 3 1 3 1 2 2 3 3 1 3 1 3 2 3 1 3 2 3 1 1 2 3 3 1 2 1 3 1 2 2 2 1 3 2 2 3 1 1 1 2 1 3 1 1
cl 3 2 1 2 1 2 1 2 2 1 2 3 3 2 1 3 2 3 3 1 3 3 3 2 3 1 2 2 3 3 1 3 2 2 1 2 3 2 3 3 3 3 1 1 3 2 2 2 1 3 3 3 1 2 2 3 3 2 1 1 1 3 2 3 1 2 1 2 3 1 1 3 1 3 2 1 3 3 1 2 1 2 1 2 2 1 3 2 2 2 3 2 2 3 2 2 1 3 1 1
cl 1 1 1 2 1 1 1 3 2 2 3 3 3 1 3 1 2 2 3 3 2 1 2 3 2 3 3 1 3 3 3 2 1 2 2 1 1 3 1 2 1 3 1 3 3 3 3 1 3 2 3 1 2 3 2 3 2 1 2 3 1 1 2 3 3 1 3 3 3 1 3 1 3 1 1 2 3 3 1 2 1 2 3 2 3 1 2 2 3 3 3 3 2 1 1 2 3 3 2 3
cl 3 2 2 1 3 1 3 2 3 2 3 2 1 3 2 3 2 1 3 3 1 1 1 2 3 3 2 1 1 1 1 2 2 2 3 2 2 3 1 1 3 1 1 3 1 2 1 1 3 2 2 1 3 2 1 3 3 1 2 3 2 2 3 3 3 1 2 1 2 1 2 3 3 2 2 2 1 3 3 1 3 1 2 2 2 1 1 1 3 1 1 3 3 1 2 1 2 3 1 3
cl 1 2 3 1 3 1 2 3 1 1 2 2 3 1 2 1 1 1 1 3 1 1 3 3 3 2 2 3 2 3 1 1 3 3 2 2 1 1 2 1 3 1 1 2 1 2 3 3 2 2 1 3 3 2 3 1 2 1 3 2 2 2 1 2 1 3 2 1 2 1 2 2 3 2 1 3 2 3 1 3 3 2 1 2 2 2 2 1 3 3 3 1 1 3 1 3 3 3 3 3
42
2 >24
3 >26
3 >27
3 >28
3 >29
4 >5
6 >7
7 >30
10>32
10>33
14>32
14>34
14>37
14>38
16>39
16>40
17>43
29>49
29>50
29>51
30>52
30>53
31>55
32>56
32>57
33>58
36>61
39>63
40>64
43>65
46>68
47>70
55>79
56>80
57>80
62>83
62>84
64>87
21+22
32+33
46+47
65+66
